500
14
43
135
16
626
748
317
691
308
730
441
325
829
848
397
741
235
519
822
713
742
790
690
778
332
702
692
303
611
346
540
842
377
425
412
785
121
136
312
983
652
658
1
298
680
209
45
489
938
112
767
326
678
747
955
538
647
854
379
354
334
316
621
592
323
914
448
33
477
210
859
722
971
646
766
493
959
569
602
505
194
642
192
333
780
639
74
357
351
107
340
170
486
239
75
491
893
520
823
378
667
733
672
809
380
574
807
827
804
63
839
440
446
177
933
560
514
222
62
213
656
849
727
908
850
931
73
396
233
358
60
852
878
25
111
554
812
393
391
159
831
708
352
998
347
944
671
328
922
284
669
865
225
526
255
596
421
754
142
178
279
719
483
935
906
442
311
261
400
821
921
189
663
870
970
650
845
712
594
614
986
530
896
936
803
457
679
729
629
887
281
228
677
166
504
433
34
148
777
923
364
81
450
855
11
467
360
616
755
768
145
247
964
367
50
254
181
287
211
87
561
275
654
889
924
89
300
576
149
404
994
301
488
728
732
472
725
588
645
28
969
22
775
508
539
423
756
899
313
644
106
265
70
456
900
463
905
736
688
48
641
992
389
507
532
499
627
860
21
907
208
167
4
880
541
942
381
555
954
939
706
739
623
950
877
606
13
468
216
913
746
559
302
348
551
38
864
451
745
771
113
497
241
197
219
260
83
154
217
550
125
314
196
416
779
638
836
109
890
78
286
103
757
429
830
972
139
23
370
792
648
509
557
799
867
19
320
187
349
479
296
90
92
613
305
549
35
462
9
926
500
292
120
502
820
272
987
584
436
844
718
41
361
245
406
886
203
597
978
369
193
309
536
724
693
593
283
925
240
565
997
319
473
787
895
315
826
356
132
176
164
515
230
531
976
655
374
205
556
431
575
268
420
989
17
649
734
276
42
948
506
141
122
56
694
258
764
966
843
772
110
293
738
174
212
851
786
39
707
743
251
516
3
610
815
605
863
232
229
278
299
267
687
975
640
875
811
274
682
591
140
776
29
342
791
819
869
453
77
186
917
874
460
533
951
570
888
435
202
98
5
411
963
485
480
201
329
723
802
962
567
761
294
179
546
127
277
387
704
362
430
604
100
24
7
439
184
784
220
282
