729
3978
18913
38170
11317
46220
9104
42866
78967
15523
70147
560
5359
32477
31391
40799
45070
39849
50825
17687
58924
19650
48508
74202
66840
1143
51427
39880
31664
42801
14128
2158
60074
11608
39169
26150
51582
42839
31181
47651
74290
75916
17522
57718
27591
8316
17036
24598
74938
18160
13455
29952
54863
70336
32505
74530
22056
68987
20839
5041
8280
34386
28549
31060
12034
73809
15822
19685
25136
49346
51505
49177
44674
11112
47176
8101
18852
44652
47088
38516
62562
33027
1182
71611
3562
48242
70364
31549
27219
68148
11565
20650
65971
72955
12421
62803
14277
54088
75717
69089
36445
72726
21987
63070
47712
9270
64352
79890
71460
48334
7649
31424
53157
50201
26908
20209
12119
907
77215
64162
21316
29109
500
14713
24208
35872
20987
68719
59325
33053
2946
17805
57648
18712
14686
18184
77680
33832
3599
67481
55765
67765
39018
1194
65687
62828
44688
77911
65720
1050
65651
78455
19252
25462
48623
38742
31544
29260
74551
4302
21276
23965
24818
28462
43039
58832
66791
69721
20600
58746
43935
45872
45486
67245
38376
57086
24505
74435
36363
17101
34336
49443
26588
12973
3658
51538
36043
17102
23811
49388
53467
67510
11840
74971
52103
77360
4065
23152
510
18607
25798
60211
9510
51931
79834
40365
21040
74923
70680
22692
78718
43402
50133
18846
30906
14412
24237
4960
19932
69991
10680
73309
46070
40143
76134
65322
28731
35414
49469
41294
8263
47561
60691
11975
13192
73703
27027
9317
62117
66344
48550
44289
14062
17432
68313
8037
73720
67704
26296
23310
61696
60929
25782
23777
66834
8441
20359
10526
3714
64446
44514
33112
70968
75293
54263
42934
21367
5164
67508
49184
41950
30958
56366
28982
50800
10460
79230
44535
19033
62724
42046
24752
50829
66584
2169
72237
74418
68599
57843
66803
55694
12613
64813
56604
14994
52914
8878
53176
1876
52928
1820
68565
55874
12977
38003
9883
71902
27850
51871
43466
7970
11057
45105
43552
50386
51212
15625
11547
48137
71736
58849
19724
25047
50230
17427
38078
56406
49253
2738
8806
64286
64913
3916
45087
40372
4645
79039
6294
28406
30744
29353
73149
27819
79903
72426
7964
74017
9209
43146
34745
881
55692
45178
40944
64202
8904
40881
27633
22725
57506
48527
41225
14379
6656
13620
39372
67850
16929
70168
31793
22188
58272
72110
67632
78255
57096
36487
24268
73308
14904
40141
49171
23807
73227
7372
47615
35635
57752
16524
22467
57896
22671
24901
67329
1957
61126
79989
69220
69270
12804
66951
41269
50700
45852
46412
27659
21832
18191
6170
27024
60272
47577
42670
71463
33457
77448
55563
45839
39310
635
11852
42068
10486
31979
77342
19397
39667
17026
25025
14250
18604
44598
21929
19399
6878
2125
41350
32101
23071
20935
19123
17324
53771
74257
48010
24255
43698
19053
56518
73802
23515
34771
38548
69370
60042
53086
75317
49949
16659
30658
1041
36891
6315
75400
54561
78511
24763
39393
65023
10648
30090
44928
46550
37986
74194
64776
76123
58331
14956
71699
73961
12498
41527
1339
79168
58034
44156
21299
4366
17867
22712
70623
2210
73718
17860
40801
1159
41175
41841
33889
70462
50166
17615
25661
19333
73606
840
12213
79843
78348
65923
44612
58725
41365
54980
30331
6321
4995
49187
69512
64678
63321
76858
52544
37165
18220
29434
54193
69538
24399
36073
73911
50990
48977
21679
66637
32427
23355
50657
26710
14035
79074
49341
19443
71024
23339
41376
53260
67804
70810
57187
48275
54680
52877
15764
3550
53063
6668
1547
70581
50026
76805
16092
78061
29669
34064
66291
13158
10035
21267
47029
79633
25079
71494
36761
55389
38465
25624
61258
29432
43282
31543
78610
70722
7058
13335
72023
72590
37963
25857
68691
23905
3053
71835
3870
77181
59131
79457
36283
54586
15863
76791
36797
64415
19450
10481
922
2827
66469
71073
22119
61185
76333
59860
10346
18882
67479
60639
46514
76850
16606
40403
70459
4494
27030
4919
20444
12962
8253
3063
67086
46403
69832
3276
66610
73311
6397
18888
49503
20692
13987
57601
75673
27037
22306
35909
49774
68080
53152
64355
9498
14156
43632
65191
6936
12192
9780
40668
62524
43514
58403
31586
27224
29640
26963
65759
44423
44740
32171
75053
24224
21413
24216
35
44130
5988
1940
9729
18954
41494
10750
33383
44336
46561
42376
14573
33395
52293
28122
19816
53758
1197
58916
38156
78584
45633
58246
35106
15078
68150
77721
36303
39922
23650
52002
16825
68622
10840
18033
61118
13536
547
73760
30025
43540
11199
70379
41083
41389
47807
24142
26507
29249
48825
35336
38357
55699
23236
63702
60034
38127
23388
51919
9293
33126
15218
39176
28849
43238
18610
21304
67814
8056
25253
31507
30210
45748
78082
17276
42840
51638
59809
45562
32454
19116
78237
12611
58752
28123
74574
25704
1544
14630
10970
13995
30158
50705
18219
41951
53704
39099
70224
19518
32525
29411
24521
74771
29589
72518
64865
79097
20941
59546
34832
600
39316
60742
31580
73545
14675
19482
15220
11988
74489
3670
27166
62552
46577
35113
50023
17891
44233
36937
22662
5891
77934
8164
56501
8163
14716
43468
24896
51662
79068
1216
24537
43684
50992
34912
45863
36900
36933
69660
10969
18190
56279
28592
36268
61208
40644
52797
4291
57572
36032
16735
69555
67397
76843
54124
68446
50285
30751
26323
7221
5432
20700
78051
38706
32469
23039
57047
77586
14942
12562
19334
23026
48458
8162
74821
6722
30226
36678
50359
74852
29383
54169
76136
18409
26897
52895
16182
68632
79136
17929
69640
10238
49319
35227
53143
51236
7840
51547
62675
9323
62081
2360
47058
49110
52852
32240
3343
42225
1970
34005
51795
55815
19335
6440
9830
48947
52345
74789
23497
7483
53319
36833
43493
31781
77399
39895
27077
26880
67389
7648
12260
40494
8556
40243
6564
4005
45501
28709
59012
17022
40594
10909
12162
77899
59946
50282
28653
31561
3323
71793
35228
6241
3073
60479
26404
11680
78282
59063
9934
75999
76842
48370
46339
25499
23393
29422
2875
796
54672
28114
42379
46763
28514
24522
215
34047
2170
4799
61532
44421
62204
57027
34335
56456
37204
71440
61043
78241
53106
37972
12661
40924
24465
35738
79585
52083
62222
54617
70424
3587
65984
66808
51657
10836
34894
70973
54011
59673
66394
32436
12619
3113
35300
72204
18706
54813
70296
25333
33531
54703
2681
699
65257
47312
47061
58354
62796
22659
79785
47709
31259
62094
70124
35529
61377
5169
39747
53592
48385
76588
71686
61098
56891
17089
18073
3328
12067
5345
62989
33254
21519
60588
3252
29937
3450
10982
11669
53570
43298
370
41509
72842
69758
16555
59994
23123
17699
67773
34654
42340
19124
132
53355
50073
11913
13752
30170
33748
403
36302
46223
49243
73593
48353
67772
16220
22924
42457
1774
44561
50886
38661
35849
25101
55950
37387
73914
17064
8203
19902
57006
58243
54163
18421
62409
41753
66598
23844
42237
4917
42443
55661
45227
49519
77323
60831
71276
64058
16354
7619
49680
29340
26719
73899
9596
75803
47136
57708
17979
68822
54789
54250
3230
20778
317
62039
49621
67037
61709
18
26194
23301
61490
11875
34812
16971
15730
7078
75305
67720
47707
49659
62006
55513
8974
57461
8407
34777
10743
20150
9484
43866
11460
78821
7783
14734
30467
53841
2097
21500
48207
63431
6157
46990
74335
70779
72365
57639
53550
77033
47421
38147
1001
4697
56504
79478
13245
33341
22071
60450
60547
49036
52211
79866
60988
24000
71294
13471
23884
59364
57078
30531
46210
30661
52099
31058
36371
52322
6914
72267
4588
74307
71721
22156
129
2735
68958
32579
69366
48890
1265
12819
74183
47961
75399
66304
49274
52166
64888
185
16558
68056
53064
1277
10886
3386
35180
26763
49123
44574
75217
3996
22722
32139
67501
26940
7888
49041
63631
47422
27105
74636
59099
72647
51593
3879
12
57774
50040
9624
4213
1027
18236
30603
57576
30432
77758
29490
48586
57886
17564
30542
74160
13962
19256
57594
28398
77765
16872
12352
35071
13740
75938
48322
15698
36515
21151
54002
45220
35367
56324
19158
55622
56883
55256
35424
3196
12742
2347
76074
58517
70562
53346
50574
52497
57274
77718
57565
39696
16853
49220
19577
20398
67216
17173
37007
16796
74139
49376
60039
58800
31100
55574
28327
72008
54975
14737
62897
34055
30324
78081
6314
3889
4485
59918
57764
32794
3590
4605
57478
14184
33908
27679
24696
39143
509
16339
5294
12871
12932
77499
29996
11563
18404
23532
131
53280
76613
45404
38007
38761
14213
49604
12945
47459
21546
37279
59002
55827
29146
43745
39230
67418
863
13190
35406
11383
50190
35445
38894
65472
40482
19733
49391
2339
10943
32688
43688
47625
73415
7569
59382
73015
42298
70426
39132
72733
33073
63635
72215
33347
78876
77003
7222
36087
38766
63780
5062
62153
22632
5413
70399
28526
11097
32653
9686
71083
60839
72367
1081
7499
35873
56286
45708
30647
19079
41595
26410
48638
63925
35246
20459
14965
73798
79858
77210
21740
26086
75965
24085
15336
39056
45775
50655
67966
68387
65910
46273
13176
4409
65830
19704
33323
24425
2559
8757
69007
21653
4078
25351
45585
63741
64265
43930
28757
13623
21351
65977
46999
74219
66733
31712
64819
44752
79591
69644
56301
15080
77659
69785
31861
70039
44235
8078
2598
37273
54333
67713
9010
47337
3701
54854
53322
14177
13050
26047
44140
14133
75128
30695
74977
57676
4294
58935
34977
3248
17848
33592
32411
6124
52039
31054
6367
11474
46964
69587
51694
63943
66782
60490
22091
33586
48618
33974
65654
7848
64220
72730
46619
41107
16978
26603
50292
4153
7571
26734
67106
23135
77235
47910
65566
60216
63514
46984
33003
29382
65405
18689
57332
54043
74222
73845
47603
70063
12946
35171
78328
75693
51815
78172
72003
69903
65563
23929
12820
77086
78933
76378
59547
31881
51158
72311
8661
20288
49209
19713
21490
50056
43162
49980
70311
29829
13114
11611
69972
16879
48300
2408
15889
24596
28963
53724
5384
75506
31384
40209
29457
46432
36731
57396
57962
5179
54687
32191
25194
45398
22103
57025
74887
78202
43961
27445
41878
47517
60395
78664
74079
28598
39309
36449
67629
25432
78611
18043
18391
21360
21005
54336
32342
24118
9869
60020
66060
78885
13363
27943
46936
34333
33345
4826
28961
18340
33077
78085
22397
69656
366
77009
5315
23694
72673
24406
40156
15278
62263
23843
57249
34978
57345
53046
75125
28711
21082
51397
17693
58544
42168
46006
21057
63551
58917
51114
31430
70869
46531
16921
22322
12079
76132
86
74376
70794
58902
13670
79219
69586
25146
77300
71097
45697
35653
78247
5875
49038
29389
76479
74682
1408
31625
25490
62489
8174
21440
55759
42523
52836
32003
66258
1502
62458
37045
10921
15821
68936
66481
33673
43285
42310
8483
23516
68977
26210
72177
574
48724
18120
68793
63936
27084
15521
8036
34229
36970
23778
36913
15248
77580
78526
54987
70529
70866
48819
38765
45406
4278
76365
17377
43131
30881
20953
32118
37443
35533
40170
45114
10394
46819
21312
49563
46565
72890
62362
15650
5400
7332
10728
48857
60438
21871
4944
44683
73478
3635
51637
55487
12682
79461
31853
69203
34940
63278
40806
31380
2148
79234
36204
69036
45560
32958
68462
52622
32027
20187
37640
73820
64658
67593
76151
46773
69851
26705
12860
8547
59368
77493
68011
69575
9441
34041
75287
2941
49907
7359
54770
76817
41650
51709
56138
54715
10226
56142
66579
118
69560
27781
44857
71899
63513
71025
78851
69980
6344
21344
37916
1057
70070
47672
19776
5938
37135
40322
77100
29212
1891
3573
47841
46553
70721
70485
39671
5759
26812
1811
34361
16323
48144
9515
18054
16898
2654
19100
22219
11045
76034
8489
42741
52283
14311
54204
56407
1996
67148
15117
28805
19395
10303
78054
64644
42968
48266
18669
56262
6947
54176
10484
11309
27846
50963
75647
53945
48464
66761
66225
17836
24740
19994
35702
7302
52122
63561
11904
27031
57786
66005
65982
76678
71564
59689
16854
27571
37949
57455
55003
53434
19205
22881
38975
41183
54360
47702
50258
10488
23970
59935
5190
23935
43802
54083
61581
19572
44969
8413
19122
58472
58463
74270
30703
75061
58397
5361
54835
381
70306
38914
37219
79364
28380
56900
11076
13007
17667
10089
65440
14036
71773
59071
46833
20818
76771
54775
79119
23894
22496
45429
14319
67509
74626
58598
17815
38790
16597
46059
47106
63054
71593
936
561
33805
48031
18667
20696
67040
72793
66712
39317
43264
49258
67138
5632
4096
50226
48018
38910
40544
69562
28915
74823
17400
51310
52904
74903
19313
53340
42683
40100
19971
63937
49084
10300
12497
73538
29095
73035
69924
31752
8673
33926
45394
2110
79148
44120
53240
50074
46039
31344
44312
44079
79699
59187
17318
23899
37788
23831
67557
5925
38792
49763
73621
29231
1228
49301
15022
30746
45263
25458
28815
61317
58368
69939
15763
78966
16350
61211
44563
27278
18973
48934
12910
54194
17410
50345
53121
61673
29051
75427
77808
44481
64548
12765
60355
72770
75277
30085
30400
39852
43023
57957
30794
54547
6312
51413
13304
66783
5166
31055
61545
35667
12222
45157
30073
72500
61029
14223
78818
17460
46046
79751
19874
3649
77798
26324
76423
74249
10520
44978
3076
46818
12850
35542
72535
16314
7444
78701
10576
7046
53754
7776
9823
14752
22683
3399
72996
63323
71667
44529
77128
15135
67963
6663
11043
25484
2355
54626
37414
9614
44367
9797
11374
73509
49752
9184
49574
37459
33362
27147
65190
16887
65340
41064
59926
32335
13876
26581
39723
23659
74039
56033
76703
16599
32093
66396
67018
24747
63660
73846
51278
51750
30956
65493
76118
54280
49462
64103
27273
39172
45469
46221
57968
65890
57432
76982
65611
64735
63540
39906
34348
40790
25714
15814
33233
5992
66446
53637
11712
60122
12450
18215
41936
71824
17898
14262
42031
27927
12791
9798
59980
37737
73567
46730
22196
57928
77052
61149
32571
11903
13211
21994
66753
22274
68423
31448
73077
3718
65359
49051
8371
19889
43310
63016
66448
36409
74833
74420
38079
65628
13685
64434
11985
77107
48518
9211
74164
38734
38705
66878
40089
8322
14413
29958
67408
50554
70187
37142
74176
3777
41337
25412
29807
71712
1849
43676
11443
53225
28493
18439
55766
69320
52721
62453
28901
46612
21408
36597
30384
29407
72627
19141
40489
56926
33670
12190
8187
67675
46526
49964
2228
25507
76752
67644
67836
52653
78788
9158
38410
33865
7166
47074
18094
19461
40221
1910
58965
4563
41784
57912
74784
3643
27179
65808
75827
21207
50614
10877
42490
2572
24550
11605
46341
1517
71556
74297
41745
62752
55528
35650
9586
54879
28064
63178
59724
27019
3331
63483
63315
33877
61750
36461
28371
50438
75783
74447
6856
58510
66028
31780
55449
63671
7496
33918
40628
78778
78880
51084
9466
62468
20795
8165
36181
38597
31820
14389
34788
30548
32725
28487
75299
74040
77570
53409
70117
74342
28662
53833
45866
48965
13210
76895
11178
34845
25715
5159
38585
78670
67602
48812
36315
53110
5618
27102
36412
33597
75633
47525
59551
37598
78448
58019
54091
64318
31513
51600
31887
31042
8075
29712
68335
48892
76520
57256
23790
63076
9187
19674
73152
58447
26510
66657
50307
48673
3432
64095
3060
30172
42632
60264
48418
63146
37523
15856
30183
48212
50111
16782
24739
39437
9807
21633
47529
59292
18256
75470
50041
19400
28141
47951
29526
21858
67925
40298
49245
9162
48966
4840
8042
66785
28988
1317
5783
9153
43084
2601
54110
33616
23979
63223
53309
13003
32502
74351
26617
69430
62533
5070
20441
6948
39245
52813
11322
73094
36236
79426
5119
14644
23134
29134
77836
66329
45967
45510
57072
35652
32476
39431
28337
30933
25166
19915
31157
130
75054
16733
44188
67265
23498
64747
54808
76940
42760
55460
1375
42829
43070
56045
18297
74300
64493
54086
10948
26548
49940
60689
2517
73441
50607
7082
34491
58562
71844
23605
31940
49813
30950
12720
79821
63148
36425
44025
13841
25896
35898
1333
46998
48853
25649
10976
5629
37897
9048
42592
15913
4778
9981
37368
19974
55095
58599
3077
60926
73338
59993
7704
31843
72330
44855
55318
24991
57909
75091
28581
28343
8651
35857
68776
24119
4892
22879
46268
15291
31892
49248
41033
46133
29890
68010
2215
17033
56388
5217
34673
60746
12384
16956
21665
75269
49167
47330
42714
58054
77779
78052
67613
8705
39411
20914
27653
58565
78721
33198
61176
54359
52434
45302
32138
30027
36050
43728
37073
72093
47042
57788
31898
49584
21774
41343
69059
10041
61977
41102
69249
16459
41222
32286
42456
75520
77975
50228
33032
52565
4449
60424
21105
30877
51380
77212
19528
70770
67139
8662
37125
12527
2216
32425
18874
53393
59320
40252
74019
18079
51094
9454
25345
10282
78173
74500
51951
11990
39572
72039
21270
4914
75304
9973
25181
30625
57180
44027
16378
19037
24396
1229
16321
64032
36278
73692
18343
51526
40791
10351
19458
11719
75169
25565
19987
38011
11830
30812
75366
16767
43612
24322
1683
17749
62266
27329
14101
61519
10017
50586
24578
66017
62932
31278
7881
11362
53839
77459
