1
298
45
209
519
235
397
741
230
515
164
176
132
112
74
14
43
16
135
17
33
477
210
42
276
141
646
766
493
859
722
694
107
258
351
357
110
293
938
170
205
374
655
312
136
121
174
785
186
7
440
446
29
24
100
826
77
713
742
680
332
778
340
316
334
354
323
914
325
441
730
621
678
747
955
538
647
239
75
491
893
184
672
658
652
733
378
346
377
425
342
702
303
611
540
791
819
315
212
851
849
473
656
213
62
140
63
439
177
560
222
514
593
283
309
536
193
724
591
850
908
727
682
274
931
73
396
25
111
554
650
3
516
251
663
870
970
584
436
189
391
159
272
987
533
120
502
707
462
9
167
4
880
11
139
23
370
92
34
433
5
148
411
103
286
78
196
113
179
294
557
241
22
217
127
28
109
125
550
154
83
197
219
260
145
247
87
211
38
149
50
181
254
277
301
187
964
201
468
216
300
89
281
228
450
81
364
644
106
98
70
265
35
532
499
507
389
613
305
21
860
627
202
936
896
48
688
907
208
41
361
352
708
831
245
878
435
845
610
178
279
719
39
786
60
233
358
460
267
255
526
225
229
232
400
261
311
442
906
935
284
597
203
328
142
362
278
299
922
393
812
743
570
951
551
348
166
296
479
349
777
541
457
803
451
423
756
899
313
90
616
755
648
509
302
367
706
13
606
287
508
19
320
913
746
555
381
942
329
275
561
387
480
654
889
924
404
546
802
962
567
488
497
416
725
472
732
728
723
969
314
745
771
588
645
638
779
559
887
629
729
539
757
429
830
594
712
549
292
463
905
736
500
530
986
614
456
900
641
992
888
347
944
671
596
421
754
430
369
406
886
483
604
852
605
815
319
997
240
565
640
693
776
787
933
356
380
809
412
453
869
574
807
486
690
790
842
489
520
823
667
326
379
854
431
556
268
420
192
642
194
220
602
333
282
308
317
691
448
505
506
569
959
626
639
649
734
748
780
784
948
971
989
56
122
531
848
575
592
738
764
767
772
692
874
917
822
843
966
829
976
895
983
804
827
669
865
687
821
921
998
718
820
677
467
360
792
855
923
972
704
504
485
679
768
864
739
623
576
775
939
954
799
867
877
890
761
836
950
994
963
926
844
978
863
811
839
875
925
975
0 2
64 65
223 224
484 487
102 104
631 632
57 58
628 630
428 432
695 696
657 659
384 385
564 566
476 478
910 911
252 253
967 968
684 685
116 117
76 79
96 97
882 883
595 598
214 215
788 789
996 999
635 636
633 634
54 55
218 221
84 85
68 69
898 901
980 981
206 207
291 295
496 498
548 552
418 419
398 399
945 946
586 587
699 700
782 783
601 603
577 578
246 248
337 338
973 974
188 190
534 535
59 61
306 307
324 327
126 128
266 269
525 527
579 580
46 47
52 53
335 336
444 445
273 280
198 199
415 417
797 798
759 760
270 271
71 72
138 143
947 949
183 185
466 469
343 344
345 350
662 664
894 897
952 953
161 162
231 234
375 376
494 495
609 612
990 991
808 810
956 957
720 721
765 769
118 119
144 146
665 666
256 257
66 67
285 288
490 492
434 437
583 585
834 835
263 264
86 88
668 670
528 529
919 920
80 82
171 172
226 227
751 752
501 503
697 698
163 165
545 547
977 979
365 366
937 940
710 711
805 806
123 124
716 717
330 331
191 195
770 773
131 133
705 709
726 731
353 355
553 558
562 563
932 934
517 518
651 653
618 619
310 318
537 542
637 643
394 395
447 449
236 237
825 828
512 513
464 465
568 571
180 182
681 683
36 37
891 892
762 763
151 152
173 175
818 824
961 965
158 160
941 943
321 322
902 903
774 781
985 988
753 758
523 524
673 674
675 676
793 794
866 868
403 405
426 427
589 590
927 928
607 608
359 363
599 600
916 918
904 909
749 750
884 885
871 872
372 373
10 12
422 424
438 443
15 18
147 150
259 262
114 115
27 30
99 101
861 862
407 408
297 304
94 95
474 475
168 169
40 44
91 93
153 155
105 108
615 617
521 522
339 341
993 995
49 51
401 402
409 410
481 482
386 388
129 130
243 244
837 838
686 689
800 801
912 915
249 250
31 32
6 8
982 984
413 414
289 290
452 454
853 856
455 458
543 544
795 796
470 471
846 847
740 744
20 26
200 204
813 814
134 137
735 737
368 371
581 582
832 833
238 242
459 461
620 622
840 841
572 573
624 625
510 511
382 383
873 876
714 715
156 157
958 960
879 881
857 858
390 392
929 930
660 661
816 817
701 703
